50 200 0 49 500.00
0 1 6.51 1.80
1 2 6.64 4.14
2 3 7.34 5.95
3 4 3.25 3.34
4 5 7.13 1.43
5 6 1.64 1.43
6 7 8.31 3.31
7 8 6.84 4.13
8 9 8.29 2.63
9 10 10.82 4.02
10 11 4.98 5.94
11 12 4.44 4.20
12 13 5.19 5.47
13 14 10.47 3.50
14 15 5.91 5.97
15 16 2.29 3.52
16 17 3.26 1.61
17 18 10.61 3.63
18 19 7.47 3.16
19 20 1.63 4.63
20 21 2.95 2.92
21 22 3.47 3.08
22 23 1.27 2.42
23 24 4.28 2.73
24 25 1.64 5.16
25 26 4.46 1.63
26 27 7.61 4.83
27 28 7.70 2.95
28 29 1.10 1.61
29 30 10.12 4.97
30 31 4.73 3.03
31 32 4.85 5.64
32 33 1.46 3.11
33 34 9.38 4.75
34 35 5.90 2.71
35 36 6.72 1.92
36 37 5.26 1.81
37 38 7.38 1.76
38 39 9.29 3.42
39 40 7.84 2.95
40 41 7.34 2.65
41 42 3.46 1.27
42 43 7.73 3.10
43 44 7.67 2.68
44 45 9.40 2.33
45 46 7.27 5.84
46 47 8.08 1.90
47 48 3.22 4.93
48 49 9.80 2.26
9 11 10.07 2.48
22 26 24.33 3.13
42 45 12.23 8.34
12 17 15.51 6.09
35 39 16.16 10.37
25 26 16.53 4.94
36 38 20.96 10.72
25 30 8.94 7.97
17 18 8.19 2.37
11 13 19.12 5.22
0 5 17.00 9.23
5 6 15.05 5.68
43 48 17.03 7.26
18 23 14.10 10.95
15 16 12.64 7.81
28 30 16.70 3.34
40 43 20.02 2.00
14 19 7.41 9.31
16 17 20.81 6.91
3 7 9.84 2.15
19 22 20.74 5.53
3 5 5.96 3.03
27 31 18.86 7.80
16 21 22.75 4.16
9 10 18.77 6.12
37 40 23.57 8.35
34 38 13.16 5.57
4 9 9.06 10.51
38 41 10.64 4.41
32 37 17.33 9.40
31 34 12.01 10.41
29 34 10.16 4.99
25 29 11.43 1.80
34 38 15.90 1.89
11 13 16.54 9.92
31 36 8.09 4.88
27 29 7.40 4.18
19 22 17.29 4.88
44 46 23.13 5.67
3 6 22.84 3.32
25 29 13.27 1.63
15 18 24.80 5.09
10 14 17.61 2.02
23 25 13.64 9.04
3 8 23.64 10.31
10 12 20.75 9.82
12 13 17.65 7.32
23 28 18.15 10.24
15 17 10.89 10.43
24 29 6.63 4.24
35 38 21.48 6.95
41 43 11.15 9.51
7 9 8.35 6.45
2 3 8.72 9.20
16 18 15.56 10.17
16 18 11.55 6.54
31 35 13.61 7.05
8 9 6.53 1.07
23 25 17.36 5.88
13 17 22.70 2.27
32 35 19.22 10.84
33 34 16.80 1.93
41 42 18.42 10.30
23 26 8.87 6.55
35 40 10.75 7.07
45 48 17.95 9.97
22 27 15.21 3.34
23 26 7.59 1.26
0 3 17.33 2.13
22 27 8.20 7.23
2 6 20.68 9.87
32 37 6.39 1.16
10 14 24.70 9.97
26 30 15.08 1.78
44 49 13.12 10.15
37 40 16.34 1.23
16 17 12.03 3.02
7 10 8.46 1.59
12 17 5.69 10.69
43 47 23.26 4.31
17 20 18.01 5.79
31 36 5.08 5.42
40 42 7.16 4.50
47 48 23.09 7.02
20 25 24.53 8.67
14 18 23.64 2.50
11 14 8.64 8.59
38 43 14.57 2.87
41 45 10.17 1.82
33 35 11.36 2.62
41 45 18.34 5.43
3 5 10.71 10.51
19 24 9.85 3.22
4 8 12.18 3.78
42 47 8.34 1.69
26 28 11.32 8.18
16 17 19.93 3.33
27 31 11.08 3.80
11 16 14.92 4.56
21 25 12.02 10.93
11 16 18.64 4.29
11 13 12.07 7.89
18 23 9.25 5.16
26 30 23.43 4.99
5 10 5.35 8.98
3 5 16.30 6.26
0 1 10.97 5.54
10 13 6.43 6.36
15 16 13.15 7.64
42 44 9.74 4.82
24 27 6.53 1.17
4 9 10.14 1.91
2 4 9.77 4.36
24 26 11.59 9.56
8 11 22.70 1.00
17 22 12.05 3.25
43 48 16.66 4.81
26 30 9.25 7.29
22 26 10.53 4.91
35 37 20.71 5.48
25 26 16.82 3.05
11 15 11.02 9.33
10 11 15.18 7.15
45 49 12.08 5.96
37 40 20.62 2.46
17 21 16.85 4.47
40 42 5.44 9.78
21 24 24.37 2.22
1 4 10.38 2.98
43 46 18.08 3.17
1 3 21.38 5.99
43 46 7.82 4.17
12 16 18.21 3.23
5 8 11.44 4.33
8 13 11.78 1.88
13 15 6.98 8.86
35 38 24.97 8.29
44 48 11.19 5.30
22 26 20.05 2.30
40 43 24.66 4.05
31 36 23.82 9.79
1 3 14.70 1.22
21 23 23.59 6.62
4 9 10.81 2.58
18 23 14.15 2.67
43 47 18.17 9.00
0 4 15.16 7.16
25 27 15.41 4.37
34 38 21.38 10.88
26 27 14.31 3.65
5 9 15.12 5.02
