200 1000 0 199 2000.00
0 1 5.09 2.52
1 2 4.87 4.05
2 3 9.01 2.25
3 4 9.69 3.51
4 5 10.98 1.81
5 6 8.29 2.81
6 7 6.70 2.93
7 8 1.53 5.63
8 9 2.87 4.57
9 10 5.54 1.64
10 11 8.14 1.87
11 12 2.14 4.41
12 13 9.18 1.25
13 14 1.60 2.11
14 15 6.13 3.88
15 16 9.98 4.54
16 17 4.95 3.03
17 18 1.83 5.13
18 19 9.66 2.57
19 20 4.45 5.70
20 21 6.29 3.09
21 22 4.14 2.09
22 23 1.70 3.87
23 24 6.14 3.59
24 25 4.66 3.48
25 26 9.43 4.43
26 27 3.59 3.92
27 28 4.85 5.79
28 29 5.28 3.02
29 30 9.89 2.44
30 31 1.51 2.36
31 32 6.31 3.81
32 33 6.06 2.85
33 34 7.53 4.91
34 35 2.71 3.32
35 36 1.06 3.79
36 37 6.24 2.38
37 38 7.46 3.06
38 39 1.96 2.38
39 40 1.57 4.64
40 41 6.41 4.72
41 42 3.39 2.94
42 43 1.11 4.33
43 44 5.97 3.66
44 45 3.85 2.05
45 46 4.89 2.01
46 47 6.93 2.68
47 48 9.44 5.86
48 49 9.93 2.32
49 50 8.72 1.89
50 51 5.30 3.14
51 52 6.66 4.53
52 53 8.63 5.25
53 54 8.96 5.21
54 55 1.97 4.38
55 56 1.35 1.85
56 57 7.75 1.70
57 58 3.07 1.18
58 59 2.78 1.03
59 60 1.44 4.52
60 61 6.97 1.69
61 62 3.82 5.38
62 63 8.65 4.64
63 64 10.63 5.70
64 65 9.27 2.63
65 66 9.03 5.71
66 67 3.26 4.96
67 68 10.14 5.78
68 69 4.97 5.74
69 70 4.12 2.67
70 71 3.76 4.92
71 72 6.27 5.75
72 73 9.74 4.56
73 74 4.46 3.35
74 75 7.30 4.05
75 76 2.56 3.13
76 77 1.03 5.99
77 78 7.48 4.66
78 79 8.75 1.30
79 80 7.31 1.90
80 81 9.14 5.41
81 82 6.53 2.94
82 83 7.59 4.39
83 84 10.04 3.73
84 85 2.31 3.71
85 86 1.43 2.89
86 87 4.06 4.33
87 88 2.86 4.40
88 89 7.34 5.36
89 90 2.75 5.23
90 91 7.71 4.56
91 92 5.20 5.47
92 93 9.83 2.75
93 94 9.72 3.86
94 95 3.52 5.92
95 96 2.86 2.36
96 97 10.60 3.49
97 98 3.85 4.29
98 99 3.45 4.49
99 100 4.92 1.41
100 101 7.54 3.41
101 102 3.08 1.56
102 103 3.89 5.81
103 104 4.43 4.75
104 105 4.30 4.46
105 106 3.65 1.99
106 107 1.67 5.19
107 108 1.38 2.85
108 109 10.06 2.67
109 110 9.39 4.41
110 111 4.27 5.07
111 112 8.92 1.21
112 113 6.96 2.94
113 114 10.75 2.88
114 115 1.68 1.64
115 116 6.32 3.51
116 117 4.21 3.36
117 118 8.20 3.81
118 119 10.71 4.15
119 120 4.62 5.20
120 121 10.61 3.20
121 122 7.23 2.14
122 123 4.19 1.62
123 124 3.47 2.32
124 125 9.42 4.84
125 126 4.79 2.00
126 127 10.74 2.99
127 128 10.13 2.06
128 129 2.39 1.35
129 130 9.21 3.92
130 131 2.76 2.76
131 132 4.11 2.35
132 133 1.82 2.43
133 134 8.53 1.61
134 135 3.02 5.71
135 136 3.40 4.43
136 137 2.45 2.81
137 138 4.30 2.78
138 139 2.84 5.39
139 140 10.82 3.31
140 141 7.17 3.48
141 142 10.68 4.55
142 143 6.98 2.26
143 144 1.42 2.47
144 145 3.16 2.38
145 146 1.03 5.53
146 147 3.31 3.76
147 148 4.40 5.19
148 149 7.62 2.19
149 150 6.67 2.47
150 151 7.49 4.74
151 152 5.60 1.51
152 153 4.60 4.57
153 154 5.16 1.10
154 155 5.55 2.96
155 156 8.93 5.53
156 157 7.15 5.94
157 158 7.69 1.62
158 159 9.67 5.65
159 160 7.79 4.58
160 161 1.30 1.53
161 162 7.90 5.89
162 163 5.11 4.23
163 164 9.98 2.73
164 165 10.94 5.52
165 166 6.79 4.35
166 167 8.57 5.81
167 168 1.96 2.21
168 169 5.35 1.22
169 170 1.03 2.11
170 171 10.83 1.02
171 172 1.06 3.09
172 173 3.37 1.83
173 174 4.31 4.88
174 175 9.05 4.23
175 176 6.57 2.18
176 177 10.75 3.20
177 178 3.99 1.59
178 179 6.58 3.36
179 180 3.15 3.87
180 181 9.98 1.44
181 182 7.82 1.83
182 183 10.60 2.62
183 184 2.60 1.59
184 185 4.00 4.62
185 186 7.83 2.62
186 187 10.49 3.06
187 188 2.43 4.96
188 189 8.05 3.61
189 190 1.35 4.95
190 191 2.24 1.82
191 192 2.21 3.82
192 193 6.10 3.93
193 194 1.08 2.22
194 195 6.75 2.17
195 196 1.18 1.75
196 197 1.12 1.24
197 198 9.18 3.58
198 199 2.45 2.97
12 21 12.30 10.72
14 22 8.10 1.97
33 38 9.92 6.83
188 195 7.38 5.45
104 111 18.67 9.13
27 30 10.09 3.64
122 131 8.97 6.07
54 67 6.61 2.82
79 90 5.14 10.75
64 81 21.02 10.93
170 171 21.25 3.02
149 167 21.02 7.85
155 158 5.47 10.84
69 76 14.60 4.17
191 193 21.46 5.81
8 23 12.07 3.58
45 48 14.01 5.30
152 158 14.13 4.03
176 185 14.06 1.77
80 96 17.52 4.83
139 156 20.82 8.87
180 181 24.75 10.64
176 193 11.92 9.38
20 40 13.82 10.25
31 46 18.07 9.89
168 176 17.12 10.16
81 90 12.81 4.96
33 53 15.51 3.12
112 121 20.65 4.73
119 131 21.43 5.84
71 86 23.88 9.56
146 152 8.14 3.09
138 151 8.87 4.30
33 46 12.30 9.20
186 197 11.27 10.99
56 76 14.48 5.38
158 170 19.54 5.97
128 131 11.78 9.92
127 128 8.69 6.97
56 67 20.62 3.46
45 55 7.72 9.84
110 121 16.36 9.43
57 61 7.13 4.88
130 147 10.04 3.64
94 103 5.96 6.47
162 177 17.42 7.16
138 147 10.31 8.88
178 194 7.51 8.98
119 122 17.62 3.12
6 22 20.57 2.27
118 135 22.62 1.68
45 50 11.27 3.75
40 57 24.64 5.40
190 192 11.04 7.77
138 151 5.40 2.20
114 116 13.41 9.54
161 172 10.40 1.87
27 44 15.35 9.51
180 194 11.14 6.63
67 71 11.76 7.74
30 43 24.89 10.14
39 50 14.50 5.16
178 180 11.72 7.16
44 61 14.58 3.19
39 45 22.01 3.04
179 194 18.14 2.09
151 166 21.27 3.40
159 172 13.22 7.57
103 115 12.28 6.89
104 121 22.07 3.78
125 145 23.35 2.26
102 112 5.80 9.44
98 111 10.76 7.32
26 37 14.40 9.81
174 175 12.69 4.11
10 18 17.17 1.46
109 117 17.13 9.63
2 14 12.92 8.20
37 38 18.25 1.51
51 59 8.93 8.50
173 189 23.28 2.46
73 92 9.21 8.19
106 110 22.47 5.43
153 167 20.26 3.28
133 134 17.71 10.99
105 123 21.59 8.12
113 127 16.17 1.22
108 109 15.05 10.40
55 69 11.29 10.50
66 84 9.73 5.02
180 188 15.53 3.26
14 22 19.85 5.20
118 135 22.70 2.62
164 170 12.47 2.65
97 99 18.66 7.95
186 199 23.14 10.36
27 39 20.68 6.16
48 67 14.69 4.99
64 73 21.10 1.50
46 47 10.81 1.43
20 25 19.72 6.34
110 130 18.55 6.35
57 70 21.15 7.38
85 105 8.05 9.35
88 100 15.58 2.18
41 43 20.98 10.25
44 64 20.50 3.78
186 194 20.48 4.87
6 17 9.82 10.74
113 128 22.92 5.47
35 54 20.81 6.37
150 163 16.69 8.35
132 151 6.57 9.34
107 124 16.01 10.12
101 107 15.06 4.43
65 70 10.77 7.23
106 123 9.06 8.61
1 9 9.07 7.33
108 114 22.94 5.24
15 34 10.80 4.71
36 48 10.58 6.57
164 180 15.15 4.70
40 53 21.24 1.65
15 21 17.63 2.64
39 47 24.61 1.23
141 145 5.22 2.40
52 58 10.22 1.25
159 170 11.29 1.80
52 65 17.99 1.71
156 161 6.38 5.07
153 172 16.32 3.55
4 11 18.38 7.91
13 17 19.89 2.35
183 188 19.15 8.40
37 43 17.88 3.18
175 187 17.42 8.46
68 74 23.17 5.97
142 161 5.21 7.40
130 140 11.60 7.34
149 168 24.58 5.34
175 195 11.41 3.27
72 90 22.38 7.45
147 165 20.48 6.62
49 65 10.91 4.48
70 75 9.29 5.55
8 26 19.38 3.77
44 51 5.62 10.56
34 42 12.98 6.03
62 63 10.39 6.14
64 73 21.34 5.10
93 99 20.09 6.19
15 16 21.91 1.51
135 140 16.77 7.95
164 171 20.26 9.24
15 22 9.04 4.44
105 106 15.72 7.71
46 65 13.87 9.93
131 151 22.26 6.14
82 98 19.54 9.64
39 50 8.97 3.61
192 195 10.49 4.42
57 68 6.19 10.91
57 59 17.68 9.27
89 96 23.96 1.55
123 129 19.29 3.38
80 82 18.36 8.36
175 194 17.19 2.45
5 9 8.92 4.67
98 107 12.37 9.49
178 196 10.17 1.30
89 108 15.62 7.04
128 145 23.55 9.45
33 39 23.06 1.43
21 31 21.11 9.96
52 72 16.69 5.01
82 99 7.97 3.50
15 26 9.91 6.14
43 48 6.93 2.39
170 188 8.06 8.87
115 123 22.31 6.48
160 171 18.25 9.77
131 135 20.08 8.22
131 137 24.26 6.28
133 139 10.18 8.82
138 156 16.78 7.36
105 112 19.96 10.14
72 87 21.74 10.04
23 25 15.78 10.24
29 37 7.24 6.31
25 29 23.47 1.12
134 136 19.91 8.04
68 75 16.64 1.36
29 43 23.58 10.25
174 179 21.97 6.88
156 168 15.73 5.49
112 124 17.29 6.32
62 67 11.22 6.67
36 53 7.45 3.29
68 81 24.20 10.11
4 17 8.13 5.86
0 8 12.79 8.50
78 79 17.29 5.99
120 131 12.35 5.38
50 52 14.13 2.34
86 105 23.22 5.33
130 145 14.39 7.71
51 60 19.58 8.83
120 127 5.01 2.66
167 183 10.52 3.44
136 153 14.38 6.13
183 193 16.69 7.44
166 171 14.37 4.67
91 111 6.61 9.46
7 23 16.67 9.21
155 175 5.87 3.09
166 181 23.37 1.54
135 140 21.02 6.00
119 128 16.49 3.20
72 83 11.90 5.03
136 142 6.10 1.74
46 50 23.18 3.27
31 50 13.65 2.78
112 130 10.67 2.73
11 13 9.37 4.26
40 51 17.95 10.29
146 147 14.45 3.81
129 140 13.45 1.23
4 23 5.52 3.57
8 10 22.48 7.67
44 46 16.42 4.61
141 152 18.34 1.54
115 125 7.99 5.67
108 116 14.22 7.28
9 16 17.71 7.58
103 119 14.67 7.58
41 43 11.24 4.16
169 184 5.07 1.91
129 137 12.78 5.57
11 31 20.04 10.90
14 25 9.77 5.79
63 79 5.98 8.71
33 49 21.99 4.56
42 51 5.57 6.66
26 36 15.92 6.54
4 20 18.32 8.09
172 175 19.91 6.09
65 77 24.17 10.93
69 86 17.17 5.33
79 91 22.28 10.79
131 147 10.63 6.74
184 196 24.06 5.69
132 135 13.48 8.66
102 116 14.33 2.60
67 86 23.60 3.55
96 98 24.86 5.65
170 181 15.05 5.84
155 166 24.58 5.80
2 21 16.07 5.99
106 116 10.77 8.25
75 76 10.12 10.09
78 91 23.92 8.44
138 150 6.67 10.81
44 54 16.12 10.73
164 173 15.30 5.50
33 37 21.42 7.66
160 163 21.69 3.16
174 183 14.10 4.55
58 66 16.44 3.45
74 88 24.05 3.39
10 16 7.64 4.24
154 174 16.57 7.40
8 10 20.73 7.23
74 82 19.84 6.25
180 198 6.00 2.50
56 66 14.27 4.79
122 129 8.62 4.95
31 36 12.38 2.58
8 19 6.58 10.04
75 94 9.26 2.37
62 66 10.22 6.54
3 18 8.79 10.45
18 19 21.83 6.27
151 171 20.30 2.59
50 54 9.54 7.32
142 159 11.45 5.50
62 69 22.74 1.39
36 39 7.56 3.37
31 50 16.41 4.79
96 103 21.32 3.53
55 60 23.65 7.10
87 89 9.40 10.38
191 197 17.64 3.13
49 60 21.81 9.97
105 125 24.41 7.50
33 47 15.08 6.11
7 24 23.38 2.27
48 52 16.49 4.06
133 140 14.09 3.82
88 99 6.46 6.67
92 107 19.01 11.00
141 149 23.74 8.73
83 91 10.14 1.97
143 157 16.04 5.37
193 194 21.86 7.34
81 92 10.29 3.11
91 105 10.95 2.93
168 170 21.99 8.81
150 156 13.12 10.06
146 160 22.07 6.23
47 63 14.71 10.27
136 139 12.11 10.80
113 117 12.95 7.36
26 33 11.37 5.14
129 139 8.32 5.76
104 108 17.23 4.01
157 164 21.18 10.03
130 144 13.41 1.33
108 123 7.43 8.26
63 67 5.47 10.72
42 59 20.80 6.99
47 60 14.78 10.90
28 30 21.47 5.87
43 50 20.61 5.62
38 51 16.49 6.74
168 180 7.54 6.08
160 169 15.31 8.87
60 77 7.93 5.08
64 71 9.39 4.53
34 46 13.82 1.01
164 168 16.85 2.32
164 180 15.10 8.81
189 192 19.81 2.94
23 28 16.50 10.66
110 121 9.61 4.68
39 54 11.59 9.82
60 77 16.32 4.54
168 176 15.54 8.83
18 26 22.48 8.40
119 126 9.26 7.73
99 104 13.02 1.79
106 107 13.44 8.04
162 176 15.02 7.98
68 71 7.18 5.69
127 129 11.74 8.04
26 35 16.67 4.11
102 114 17.59 3.54
138 148 7.06 10.72
157 159 5.61 4.27
163 183 16.47 5.79
62 63 11.29 6.40
23 34 24.14 4.85
56 71 19.05 10.61
188 190 23.15 2.00
166 167 16.78 9.36
115 130 7.64 4.25
99 106 14.33 1.30
134 147 20.94 9.36
129 142 12.69 10.56
80 87 5.82 6.98
162 165 7.19 7.82
63 79 6.92 9.91
96 106 18.65 3.20
53 59 16.99 6.71
71 76 16.14 2.82
140 148 8.18 3.79
45 61 20.03 7.41
167 184 7.32 2.13
88 101 13.78 5.69
15 34 23.37 1.17
181 183 22.39 8.06
109 112 19.15 5.59
18 34 16.46 4.18
165 185 8.81 2.33
18 23 10.26 8.22
180 189 15.94 10.67
11 29 13.03 1.22
112 120 19.99 4.40
123 140 13.03 4.47
25 26 18.16 2.56
25 27 5.53 10.07
5 20 13.12 8.17
16 22 20.39 7.46
74 75 23.39 6.64
78 95 21.93 10.49
41 45 12.19 5.17
89 106 22.38 5.24
108 125 23.58 2.76
39 56 16.62 8.14
155 175 22.73 9.38
113 131 6.36 1.12
40 45 23.70 2.89
190 192 8.94 8.09
0 6 5.86 7.14
157 159 12.93 6.85
175 188 14.41 5.17
95 98 9.56 5.50
14 33 16.32 3.15
90 104 5.38 9.74
121 124 7.27 3.76
117 133 14.02 2.11
86 96 14.35 1.12
62 63 20.78 8.41
6 22 23.35 1.10
181 189 15.81 8.75
45 53 11.07 1.06
178 187 15.75 2.05
119 120 18.00 4.84
126 136 18.13 5.86
152 169 6.11 8.34
91 108 14.32 7.18
34 52 7.22 2.77
94 101 22.30 4.58
15 20 23.70 8.95
32 36 11.03 4.48
162 178 21.52 3.81
180 187 5.80 3.46
167 184 17.98 3.37
65 84 21.54 10.75
76 91 19.37 10.06
108 120 22.92 1.58
149 169 15.90 5.06
0 16 24.66 6.68
178 187 17.04 1.73
60 69 8.04 8.29
111 124 5.25 5.88
6 19 19.48 6.97
115 123 24.20 1.89
175 186 17.91 6.37
173 177 10.08 3.21
130 150 20.55 8.49
152 160 14.59 9.75
112 120 8.15 5.53
94 103 23.83 7.20
34 48 9.62 2.66
57 66 9.20 7.09
169 184 12.43 4.35
16 20 9.37 7.10
82 84 13.88 6.89
99 104 19.83 5.99
87 98 11.37 9.76
67 78 6.51 4.51
131 136 12.56 1.88
56 58 19.15 3.50
31 51 15.47 9.09
34 40 6.29 10.53
155 159 18.98 2.04
93 96 17.60 9.10
121 125 18.04 7.53
168 171 9.44 7.63
82 89 16.16 7.79
70 87 7.86 3.45
105 119 11.77 6.57
88 107 22.39 6.28
1 12 10.60 4.39
38 40 14.90 5.23
57 60 21.94 10.42
124 133 7.52 6.26
96 114 6.50 1.35
1 21 23.55 6.97
73 76 11.06 7.39
119 139 14.20 3.91
47 67 12.70 9.20
153 155 6.68 1.30
31 38 12.68 1.30
75 87 14.25 8.10
58 70 16.31 6.95
13 25 24.61 5.17
166 170 17.51 5.04
48 59 9.05 1.12
98 112 10.66 2.80
99 100 11.54 1.46
139 148 21.96 3.11
185 197 6.36 4.09
57 59 10.71 4.30
59 78 5.85 5.88
13 16 18.03 4.10
92 94 22.19 1.47
11 12 6.22 10.29
27 31 19.95 10.60
164 175 14.64 5.59
70 74 7.65 5.01
50 59 12.59 7.32
124 137 20.57 6.42
19 24 12.58 4.88
47 48 11.92 3.95
145 153 19.96 6.47
37 42 22.61 10.76
93 106 10.48 7.50
129 141 10.64 6.05
140 150 14.55 3.35
12 30 8.59 10.84
55 75 15.00 3.17
160 180 13.93 2.41
49 64 10.78 4.69
48 61 12.02 9.07
27 33 7.32 4.31
118 137 20.31 8.60
146 163 9.61 8.26
44 45 5.55 1.31
84 97 17.59 6.66
10 23 21.52 5.06
142 155 7.13 10.40
106 109 14.59 8.31
169 176 21.68 4.22
152 153 8.69 10.82
31 48 17.82 5.91
167 168 13.67 6.21
54 61 17.89 1.71
42 43 23.17 7.24
165 178 9.49 9.10
81 98 10.08 4.99
132 143 17.80 1.25
190 194 5.66 4.68
150 170 8.06 8.23
36 43 21.76 3.23
133 140 17.08 7.04
66 82 9.79 2.89
83 95 19.04 3.30
182 188 15.54 8.19
36 51 7.94 1.70
188 197 9.51 9.18
89 101 20.17 2.01
77 79 7.25 6.35
72 77 23.01 9.39
146 162 11.79 3.61
44 57 15.83 5.60
166 175 8.36 3.34
4 18 14.82 3.01
1 18 10.35 9.18
158 169 6.90 9.93
136 147 8.05 7.92
122 129 16.50 3.26
109 127 17.34 9.21
167 177 9.45 2.41
121 127 17.92 2.31
158 164 19.83 10.17
87 106 7.70 5.27
60 61 12.81 9.10
63 74 20.22 5.43
183 187 10.88 5.19
170 190 15.82 10.38
121 139 21.36 3.45
133 148 10.65 10.03
71 89 10.42 8.01
153 157 10.06 3.03
89 107 19.49 10.15
116 124 8.68 8.99
148 161 12.30 8.13
44 62 21.44 1.38
126 146 11.48 5.69
117 132 19.39 8.06
171 181 13.52 6.10
22 29 21.74 7.98
148 157 6.99 3.11
25 31 8.11 9.30
150 158 6.12 7.53
14 27 24.72 4.86
159 168 21.53 4.51
105 109 10.34 1.09
97 112 21.47 1.90
71 84 14.39 6.40
9 24 6.97 3.07
95 112 20.70 8.41
5 7 21.14 2.95
55 63 7.78 1.76
114 116 21.45 7.08
69 85 21.50 5.72
109 124 20.55 9.32
63 72 7.96 8.70
6 9 16.49 10.95
81 95 23.39 9.07
45 51 8.85 5.41
111 123 9.74 5.13
4 19 5.75 4.39
52 66 15.59 3.18
95 96 10.13 4.91
97 101 19.55 10.44
62 64 10.05 4.61
138 143 7.02 10.57
59 72 24.86 9.64
65 76 23.18 2.84
21 40 8.73 6.35
141 154 14.79 4.36
94 104 19.01 3.34
39 42 9.03 9.15
172 186 14.52 9.91
151 154 5.25 6.80
90 98 24.29 1.82
5 16 20.33 5.37
66 74 17.69 1.40
65 77 22.27 6.91
8 14 9.77 9.22
127 138 13.36 3.35
88 98 10.67 4.55
26 36 21.28 5.83
92 102 24.23 7.02
68 82 24.48 2.09
99 116 19.83 6.94
90 109 22.37 4.49
141 150 24.60 5.11
166 175 17.88 2.16
112 117 12.67 8.02
58 73 22.54 6.51
0 9 18.64 3.01
3 21 15.27 1.51
165 177 17.63 1.60
40 45 5.81 1.51
163 168 19.68 3.90
168 179 21.63 8.46
158 176 9.36 1.93
29 42 20.35 9.87
147 149 17.89 4.61
56 75 14.28 3.55
172 184 22.37 5.24
172 186 20.55 2.30
2 4 5.74 9.20
15 19 16.81 8.92
84 91 7.85 6.74
112 114 7.01 3.78
31 51 9.85 9.80
70 73 23.46 3.69
99 105 9.51 4.86
72 80 6.97 1.82
104 119 12.96 10.24
143 155 11.90 6.67
70 86 5.85 1.18
172 183 6.51 1.81
141 154 23.75 3.32
151 153 10.06 6.54
56 60 22.58 4.10
12 18 18.15 4.38
32 41 18.00 6.85
114 120 9.88 9.63
18 37 20.98 2.94
115 123 10.20 1.44
131 151 16.51 7.10
84 100 24.85 1.16
118 126 15.40 9.31
94 108 7.01 6.70
47 49 16.47 7.25
35 37 15.47 6.15
143 159 10.56 1.53
97 110 15.85 3.68
166 182 18.14 9.42
174 177 9.00 9.39
67 68 20.99 10.24
126 140 10.19 3.10
55 56 8.42 2.79
5 18 17.23 9.53
30 45 14.91 1.79
173 176 12.59 2.30
96 105 23.97 3.25
4 18 17.11 7.15
48 60 18.53 6.66
153 156 24.36 6.62
133 151 17.77 9.52
19 20 18.22 2.48
187 191 7.46 5.99
38 45 21.63 9.46
162 166 15.10 9.54
142 154 13.46 3.31
108 114 16.07 4.18
184 194 13.49 2.65
104 112 11.54 1.87
135 138 6.76 3.92
130 132 13.71 1.91
57 66 19.95 1.19
122 138 13.51 7.88
25 30 10.62 1.67
159 162 19.34 7.22
155 162 18.06 6.69
110 126 22.94 10.85
15 16 11.37 9.28
137 151 6.61 3.51
20 37 20.73 8.81
15 32 11.53 8.87
2 14 12.76 3.01
62 69 23.78 6.88
30 36 6.66 6.17
146 149 15.70 8.11
67 83 8.12 10.21
126 135 16.93 2.89
28 39 12.89 10.40
163 182 5.08 9.09
77 89 10.58 1.71
188 190 11.04 7.42
178 180 17.57 5.07
78 82 24.15 3.90
6 24 16.05 3.56
105 109 9.04 9.59
46 61 24.44 9.13
126 138 14.69 1.15
94 110 10.24 3.50
91 103 14.24 9.69
151 164 12.93 6.27
163 172 20.56 9.58
29 45 22.04 10.87
152 153 17.01 9.29
26 31 10.76 8.57
26 39 7.63 10.41
56 74 7.63 3.26
106 117 11.99 2.98
149 153 24.40 6.60
159 177 20.96 10.85
157 159 10.53 1.98
12 15 22.52 10.20
59 74 18.68 5.05
100 105 11.73 9.21
191 195 17.94 10.22
91 103 19.70 7.36
0 5 15.64 10.08
56 63 7.73 3.77
84 94 22.99 8.48
105 121 8.36 2.93
4 8 14.72 2.02
106 116 13.44 10.33
166 172 11.45 8.28
43 57 20.69 9.95
134 135 17.27 5.85
79 81 19.03 5.57
162 166 22.39 8.56
51 58 7.22 7.66
123 139 20.26 10.98
149 163 19.10 1.20
105 117 15.34 3.51
23 37 12.62 9.49
181 197 8.82 10.92
168 184 11.46 3.45
46 50 17.26 8.28
111 131 21.96 2.29
89 105 16.87 5.97
78 96 14.74 1.26
32 46 9.50 4.31
122 134 7.80 3.06
10 18 12.74 6.40
23 26 7.85 3.30
0 12 8.80 7.51
40 48 12.12 7.58
67 78 18.32 2.55
175 180 12.87 5.33
54 63 12.36 6.56
105 124 15.33 8.20
170 178 15.92 10.28
162 181 17.67 2.29
99 105 14.07 3.78
157 173 6.65 1.16
6 9 10.75 1.54
160 172 19.31 9.02
184 187 22.89 6.37
84 95 6.18 4.71
119 121 23.05 9.08
94 95 8.97 3.97
74 89 7.83 1.78
160 179 23.81 7.73
176 192 21.74 6.38
29 47 21.81 10.90
24 32 24.06 9.85
15 31 16.46 7.34
112 121 15.70 10.35
5 21 21.20 2.67
38 48 24.18 3.83
156 157 11.72 4.94
91 105 15.01 9.68
180 195 12.13 10.39
158 170 18.69 5.64
53 70 10.14 7.78
114 120 24.26 9.33
91 98 6.63 9.37
87 90 15.55 4.91
51 56 14.91 3.85
150 151 17.52 5.02
79 84 13.32 9.77
82 83 22.03 6.17
153 156 24.96 2.53
176 184 8.40 10.67
135 153 14.73 4.57
186 196 12.17 5.17
64 78 8.26 1.06
55 68 10.05 7.22
83 92 9.47 10.84
62 65 9.75 1.46
124 131 23.01 8.38
73 90 17.09 2.41
58 70 11.21 2.05
153 163 10.85 3.06
59 64 7.42 4.23
131 143 19.08 6.24
55 59 21.35 10.46
91 97 17.63 9.95
42 46 10.80 9.90
171 190 11.98 3.03
166 179 17.52 3.56
28 38 7.16 1.25
22 36 16.16 5.89
166 175 5.33 1.76
149 160 24.49 4.53
24 38 7.08 4.66
132 152 18.30 10.14
91 102 16.06 4.41
134 150 16.42 6.40
12 29 16.16 9.00
