100 500 0 99 1000.00
0 1 4.07 5.31
1 2 5.71 4.63
2 3 5.55 2.24
3 4 4.54 2.06
4 5 10.85 2.20
5 6 8.76 3.89
6 7 2.03 4.62
7 8 6.93 2.84
8 9 5.23 2.00
9 10 4.73 3.29
10 11 8.60 4.70
11 12 4.19 5.32
12 13 9.22 1.06
13 14 9.45 4.51
14 15 8.16 4.65
15 16 7.55 4.09
16 17 4.15 3.69
17 18 1.01 1.96
18 19 5.42 1.97
19 20 1.47 3.35
20 21 6.09 3.97
21 22 7.46 5.62
22 23 8.25 1.53
23 24 7.34 5.45
24 25 3.37 3.26
25 26 8.17 4.64
26 27 6.97 2.66
27 28 4.51 4.94
28 29 8.56 5.12
29 30 6.82 3.62
30 31 5.09 4.03
31 32 7.77 5.65
32 33 9.43 5.94
33 34 6.22 5.39
34 35 7.44 4.80
35 36 2.79 5.09
36 37 6.31 5.51
37 38 7.98 4.58
38 39 4.10 2.33
39 40 3.79 1.44
40 41 5.45 3.34
41 42 2.23 3.38
42 43 1.27 2.56
43 44 9.84 4.66
44 45 10.72 2.50
45 46 5.37 1.25
46 47 2.44 5.59
47 48 9.09 4.62
48 49 8.17 4.20
49 50 6.06 2.47
50 51 5.78 5.34
51 52 2.30 5.27
52 53 10.99 2.42
53 54 2.49 5.84
54 55 6.41 3.15
55 56 10.09 5.33
56 57 4.28 4.38
57 58 6.07 2.83
58 59 4.40 1.71
59 60 10.16 1.81
60 61 2.10 3.56
61 62 9.58 1.11
62 63 1.92 1.82
63 64 3.80 4.46
64 65 1.34 3.57
65 66 9.97 2.13
66 67 5.71 5.69
67 68 3.34 5.13
68 69 9.76 2.21
69 70 8.79 2.28
70 71 3.15 1.85
71 72 4.36 2.31
72 73 7.92 1.28
73 74 5.56 3.76
74 75 3.02 2.93
75 76 9.60 2.49
76 77 7.15 4.22
77 78 1.89 2.20
78 79 4.39 3.88
79 80 3.45 1.27
80 81 8.33 4.52
81 82 6.70 4.64
82 83 9.64 4.25
83 84 8.67 3.05
84 85 8.73 4.47
85 86 5.55 2.40
86 87 10.03 4.69
87 88 9.50 4.93
88 89 6.63 4.75
89 90 9.14 5.02
90 91 4.87 3.98
91 92 7.70 1.15
92 93 5.86 1.87
93 94 9.14 2.30
94 95 7.71 3.87
95 96 10.61 1.08
96 97 5.15 1.55
97 98 1.48 2.90
98 99 5.58 5.79
88 95 19.90 9.35
1 7 23.10 7.78
19 25 17.99 6.34
37 43 7.73 10.13
31 33 22.75 8.53
69 78 8.98 1.71
64 73 10.80 1.61
91 96 17.40 5.69
6 13 15.13 5.18
68 72 14.11 8.88
42 51 12.37 7.72
23 30 22.95 8.45
24 29 9.60 6.02
62 66 14.84 10.69
80 85 18.75 2.83
53 54 8.08 9.25
73 83 13.72 6.64
78 85 15.67 8.49
27 30 5.70 2.30
58 61 12.64 8.40
51 55 8.14 5.41
35 39 14.71 8.42
49 50 19.98 5.71
22 23 6.21 3.59
17 24 13.60 4.09
11 21 16.33 6.05
36 37 11.32 8.28
5 13 22.55 1.93
30 38 8.90 7.28
14 21 12.96 6.74
70 74 7.53 2.58
86 88 16.35 5.67
26 27 24.82 3.48
39 41 18.03 7.51
39 48 18.10 6.04
54 64 9.10 1.78
0 8 11.55 7.16
44 47 20.92 8.40
15 25 9.83 2.64
42 51 21.21 3.66
9 14 9.27 5.15
91 94 14.15 5.32
52 59 13.61 4.99
30 32 16.10 6.47
64 74 9.40 5.21
22 23 19.95 2.84
73 78 19.49 6.82
5 12 13.23 9.70
82 84 18.17 10.67
82 86 12.83 5.37
50 60 13.11 5.93
10 19 19.19 1.30
57 65 5.53 1.26
67 73 15.89 8.67
46 52 18.25 3.58
29 38 21.01 6.25
73 80 20.58 8.26
73 81 21.45 10.53
54 56 19.66 7.91
88 91 21.98 10.11
87 93 23.64 7.51
50 52 22.27 3.95
29 33 16.82 8.41
33 41 10.31 4.04
37 47 14.88 9.83
23 27 14.47 10.50
9 17 23.15 3.49
47 57 21.42 9.71
80 89 15.89 5.01
5 12 16.49 4.83
92 93 8.41 5.01
10 17 5.71 10.40
38 42 18.67 3.02
70 71 13.73 10.62
25 30 11.97 7.52
85 93 15.29 5.04
46 49 6.61 5.55
23 32 12.60 10.66
87 91 12.17 8.96
90 93 12.27 2.56
78 88 6.79 7.05
18 19 18.40 8.35
95 98 21.02 1.18
2 8 18.41 8.04
29 30 7.92 6.79
75 82 17.34 2.45
41 48 6.32 2.42
75 85 14.54 2.10
47 52 12.29 2.83
14 17 22.37 3.29
97 99 15.98 4.79
47 53 9.05 7.74
56 62 5.52 8.76
27 36 13.55 9.89
3 6 13.45 10.82
0 9 24.02 10.15
52 60 10.58 7.59
52 62 11.83 5.09
35 44 19.18 9.76
74 83 19.66 5.47
8 17 23.36 1.77
24 29 13.63 5.75
22 23 12.03 3.14
62 68 22.77 6.27
92 96 18.35 4.19
38 44 12.33 7.77
29 31 22.61 5.25
89 90 12.59 8.03
93 94 21.71 1.86
93 98 5.33 8.76
13 18 8.67 2.62
87 91 8.09 10.85
18 28 19.10 2.45
64 73 22.99 7.11
27 31 19.36 4.88
26 30 14.65 2.07
85 86 14.35 4.20
30 36 11.95 4.52
2 3 12.22 6.74
43 45 24.02 5.84
46 56 10.30 5.72
53 61 22.20 5.62
74 81 10.75 4.95
11 13 16.43 6.85
58 60 7.23 4.61
3 8 10.43 5.76
84 90 21.70 9.07
32 35 16.33 1.63
15 23 21.71 8.04
59 63 11.59 6.57
72 78 16.13 1.99
8 9 22.85 4.10
55 59 17.17 1.55
64 69 9.07 3.51
76 81 17.97 4.22
3 7 16.85 7.48
88 95 10.50 5.94
92 94 21.21 6.87
0 9 17.05 4.25
25 35 15.05 2.05
81 86 10.24 8.72
59 66 13.72 10.17
0 3 11.62 10.70
13 22 16.42 4.50
1 11 15.18 7.65
59 63 23.67 3.60
74 78 5.42 6.36
88 98 12.04 9.11
81 84 8.44 4.17
63 69 13.66 8.98
56 63 23.23 3.66
62 65 14.74 8.11
41 46 6.05 2.00
61 68 11.05 10.70
55 63 7.39 5.92
85 88 24.60 9.86
78 81 23.57 1.94
16 26 14.22 3.15
0 4 11.42 1.11
12 18 24.87 7.67
94 96 21.16 3.99
71 78 22.37 2.56
5 12 17.15 8.97
84 93 15.85 3.91
65 73 5.16 1.44
24 27 13.12 6.41
64 69 13.96 6.05
75 78 9.21 4.95
27 32 5.29 7.38
17 18 12.59 9.13
61 68 17.76 10.38
66 75 9.57 8.61
32 34 17.62 2.96
37 42 20.72 8.74
16 25 17.99 10.97
43 53 11.44 6.32
85 94 19.12 6.96
48 53 17.66 5.72
30 40 9.66 10.74
50 58 14.13 10.61
93 98 24.09 8.08
52 55 13.35 8.74
26 27 21.01 3.34
54 60 10.84 3.56
60 63 8.44 7.69
14 18 5.65 2.83
96 97 18.53 2.83
48 55 15.18 8.52
63 67 17.10 5.93
44 50 20.57 10.62
28 31 19.31 1.07
25 34 16.31 6.30
88 97 17.14 4.23
22 25 24.46 10.44
83 86 19.15 6.09
26 27 16.46 8.35
15 19 17.37 10.21
7 16 7.10 2.80
69 72 5.96 4.13
29 37 24.45 4.79
19 22 12.53 8.43
70 80 19.96 7.16
73 81 24.97 5.66
70 79 15.47 3.82
63 72 9.04 8.18
25 27 9.09 5.67
30 35 23.81 10.27
87 93 11.31 7.33
55 64 9.79 6.18
50 57 17.82 1.39
31 39 15.32 6.78
55 62 16.90 2.60
85 93 13.82 2.65
12 22 24.85 2.87
32 36 7.40 5.62
83 84 24.90 7.46
47 51 21.11 10.51
18 24 22.90 10.08
17 25 13.40 8.15
18 21 21.25 1.24
18 21 8.92 3.97
81 87 22.10 7.43
78 85 13.62 7.54
75 80 8.65 10.86
13 18 21.77 7.31
61 63 11.45 7.73
12 13 12.19 7.81
78 82 9.94 7.05
37 41 18.08 10.74
10 18 23.34 7.33
42 43 10.94 9.60
59 64 13.95 8.33
82 86 15.32 9.91
32 36 13.52 5.33
54 64 5.98 1.57
77 83 17.84 3.85
9 11 14.14 6.99
63 64 15.23 10.78
5 14 6.97 3.44
82 86 13.22 8.30
18 25 21.73 4.93
15 24 5.45 1.39
34 43 22.18 10.21
79 85 23.49 1.18
94 95 14.01 10.75
64 73 17.33 10.07
55 56 12.26 9.03
2 3 24.47 6.46
89 95 11.28 8.25
35 45 24.07 5.68
47 52 7.12 6.38
28 33 8.25 2.31
75 83 7.76 9.36
79 84 8.67 4.21
28 29 12.68 2.40
51 52 20.13 7.63
24 27 18.48 1.36
81 87 8.53 10.18
30 31 9.45 4.79
14 24 5.76 4.19
70 75 16.82 1.23
13 18 15.80 7.67
46 52 14.07 7.28
34 36 18.69 10.69
0 1 6.83 5.23
87 90 18.85 6.40
60 68 16.42 2.01
62 65 14.44 2.58
2 9 5.78 8.53
18 22 18.14 6.89
80 86 5.18 2.86
88 98 6.34 4.81
63 64 23.27 3.64
52 60 19.72 3.52
52 56 7.11 1.85
6 14 24.61 8.80
91 99 24.04 8.29
45 51 8.65 3.79
31 34 6.37 6.45
31 33 5.13 3.70
57 66 17.32 2.18
48 54 17.89 1.71
33 39 5.32 6.96
10 15 14.66 3.83
56 65 16.60 4.99
61 63 7.92 9.97
79 89 7.20 10.67
61 64 17.93 8.17
30 39 21.34 9.82
58 60 21.67 10.90
29 31 16.77 7.70
35 39 14.63 10.05
59 61 13.78 7.23
33 43 24.49 1.05
70 74 11.12 5.68
38 43 16.64 3.83
4 14 5.24 9.19
17 22 11.70 6.35
77 80 19.46 3.68
11 13 24.53 2.01
25 32 16.67 6.31
58 60 17.89 1.54
1 6 10.39 9.16
44 46 16.19 10.45
45 47 5.72 7.27
61 71 10.74 5.15
5 15 8.98 9.71
30 40 21.00 5.63
42 49 17.12 5.91
16 20 10.07 5.57
4 12 5.81 3.03
55 61 19.56 1.04
93 96 24.43 3.15
8 11 22.10 3.01
60 68 24.44 3.43
39 47 15.67 3.95
41 45 14.21 3.03
73 76 15.93 4.28
93 95 11.78 2.92
5 11 23.69 8.79
16 19 8.49 10.19
19 25 21.13 9.04
26 36 22.35 3.53
52 57 16.94 8.52
8 12 7.15 10.85
62 67 10.70 3.26
70 76 19.93 2.31
73 82 12.23 2.97
90 93 7.36 1.62
48 57 9.71 2.31
85 89 19.86 8.23
59 68 18.53 10.20
1 8 19.25 6.23
22 28 5.06 5.59
63 68 11.66 4.01
97 99 9.90 4.35
42 44 21.64 3.87
31 41 17.42 6.06
79 87 5.21 10.52
11 14 18.12 4.09
85 86 12.55 4.19
87 97 23.44 1.71
15 16 12.85 1.60
52 57 6.11 3.41
4 7 5.32 10.16
75 82 21.06 1.61
7 17 14.52 6.72
44 47 21.40 4.25
41 45 14.00 6.43
17 20 20.22 10.67
57 66 9.52 5.77
25 28 13.98 9.15
58 62 16.78 1.57
46 47 7.12 5.19
75 79 16.52 6.30
42 50 14.78 1.21
68 69 22.82 6.05
53 59 13.00 4.89
17 20 23.95 7.76
33 40 9.58 9.40
75 84 16.49 5.13
75 76 17.99 6.73
48 49 14.70 9.83
72 76 19.75 6.22
76 84 15.94 8.40
40 47 5.82 5.33
29 33 9.34 6.79
32 37 11.64 7.79
64 74 15.56 2.04
73 76 16.97 2.35
10 20 7.18 2.73
38 47 10.52 7.14
18 20 9.15 4.54
37 42 12.18 2.65
82 89 16.60 8.47
32 39 23.35 7.60
65 69 22.89 3.92
74 77 13.73 5.44
45 53 22.29 7.79
38 39 7.72 6.93
46 54 21.41 7.12
49 57 12.95 8.24
47 55 14.98 9.32
51 52 12.60 8.34
89 91 17.53 2.01
63 67 10.00 10.81
67 70 6.31 3.97
47 52 24.66 7.75
0 6 12.68 2.60
34 39 10.14 2.56
4 12 17.84 6.17
17 18 19.51 8.29
87 88 14.97 9.95
36 39 22.27 8.28
91 95 13.91 4.31
8 13 6.27 2.92
62 69 23.19 9.80
63 69 19.10 10.65
43 44 17.43 3.77
32 35 24.98 4.45
67 76 19.26 3.42
