20 60 0 19 200.00
0 1 7.32 1.86
1 2 10.75 5.06
2 3 4.43 4.76
3 4 2.68 4.75
4 5 2.39 3.01
5 6 8.90 4.15
6 7 2.25 2.37
7 8 1.41 4.05
8 9 1.89 5.34
9 10 10.05 3.96
10 11 3.94 1.61
11 12 5.15 3.13
12 13 10.48 2.83
13 14 2.94 2.91
14 15 3.40 2.89
15 16 2.10 2.82
16 17 9.69 4.40
17 18 4.31 2.86
18 19 3.05 4.65
5 6 22.49 9.12
12 14 22.14 10.42
16 17 7.58 3.64
11 12 6.79 6.89
14 19 15.87 4.51
8 11 7.70 1.64
11 16 8.34 5.37
14 15 8.93 5.14
15 17 9.95 5.29
8 10 8.75 7.69
13 15 13.91 2.43
8 10 15.06 7.42
6 11 10.75 6.15
15 19 21.22 7.57
9 11 19.84 7.49
7 10 15.21 1.13
0 4 9.98 3.28
11 16 19.44 10.77
6 7 12.89 7.93
5 10 21.84 6.02
13 15 23.61 8.18
7 10 19.01 3.06
14 18 22.19 9.37
9 13 10.38 8.09
0 2 12.08 10.74
8 12 8.46 8.28
13 16 10.33 2.55
1 5 11.99 8.02
1 3 24.22 4.46
0 2 10.49 9.13
9 11 6.49 6.25
15 18 5.08 7.31
9 10 21.30 9.01
0 2 23.46 6.81
3 8 10.83 2.83
17 18 13.68 2.47
11 16 6.64 9.01
12 17 15.13 10.24
3 6 18.44 4.83
1 4 17.64 2.63
5 9 9.79 2.37
